1 0.000 1.000
2 -0.011 1.417
3 -0.017 1.729
4 -0.003 2.001
5 -0.002 2.233
6 -0.007 2.443
7 -0.009 2.632
8 -0.005 2.811
9 -0.004 2.971
10 -0.015 3.134
11 -0.021 3.284
12 -0.005 3.438
13 0.004 3.573
14 -0.006 3.714
15 -0.016 3.843
16 -0.009 3.969
17 -0.006 4.092
18 -0.012 4.207
19 -0.013 4.320
20 -0.007 4.426
21 -0.009 4.539
22 -0.012 4.641
23 -0.005 4.751
24 0.001 4.846
25 -0.000 4.950
26 -0.010 5.042
27 -0.010 5.144
28 -0.000 5.236
29 -0.007 5.329
30 -0.019 5.419
31 -0.014 5.513
32 -0.007 5.609
33 -0.012 5.701
34 -0.018 5.795
35 -0.012 5.881
36 -0.003 5.975
37 -0.005 6.063
38 -0.011 6.156
39 -0.008 6.249
40 -0.009 6.336
41 -0.015 6.424
42 -0.006 6.499
43 -0.002 6.586
44 -0.006 6.660
45 -0.013 6.743
46 -0.009 6.821
47 -0.008 6.904
48 -0.009 6.984
49 -0.012 7.059
50 -0.011 7.143
51 -0.002 7.221
52 -0.002 7.307
53 -0.012 7.387
54 -0.019 7.464
55 -0.005 7.545
56 -0.007 7.622
57 -0.025 7.704
58 -0.021 7.781
59 -0.008 7.866
60 -0.016 7.939
61 -0.034 8.015
62 -0.028 8.083
63 -0.011 8.156
64 -0.022 8.223
65 -0.039 8.296
66 -0.029 8.359
67 -0.009 8.433
68 -0.019 8.498
69 -0.040 8.567
70 -0.025 8.634
71 -0.004 8.698
72 -0.017 8.766
73 -0.038 8.826
74 -0.030 8.891
75 -0.006 8.952
76 -0.018 9.013
77 -0.047 9.073
78 -0.039 9.132
79 -0.015 9.193
80 -0.028 9.251
81 -0.051 9.306
82 -0.032 9.358
83 -0.011 9.409
84 -0.038 9.463
85 -0.058 9.513
86 -0.040 9.558
87 -0.023 9.609
88 -0.037 9.647
89 -0.055 9.689
90 -0.047 9.723
91 -0.032 9.763
92 -0.034 9.794
93 -0.049 9.834
94 -0.042 9.868
95 -0.026 9.915
96 -0.033 9.950
97 -0.045 9.996
98 -0.045 10.034
99 -0.032 10.077
